1705364627703 0.5439999999999999 0
1705364915735 0.5 0
1705365034798 0.544360902255639 0
1705365230220 0.6 0
1705366282923 0.5466165413533834 0
1705366313205 0.5511278195488721 0
1705366607773 0.5396419437340153 0
1705366645669 0.40606060606060607 0
1705366650233 0.544360902255639 0
1705366772361 0.6473145780051152 0
1705366860680 0.591919191919192 0
1705367029162 0.4431077694235589 0
1705367123734 0.541025641025641 0
1705367267873 0.5 0
1705367714973 0.748081841432225 0
1705367795608 0.7062500000000002 0
1705367802211 0.4458646616541353 0
