1705364627702 0.5406593406593407 0
1705364915733 0.5416666666666667 0
1705365034796 0.6131868131868131 0
1705365230219 0.6 0
1705366282922 0.56875 0
1705366313204 0.5549999999999999 0
1705366607771 0.554945054945055 0
1705366645668 0.42000000000000004 0
1705366650232 0.6131868131868131 0
1705366772360 0.6479166666666666 0
1705366860679 0.6351648351648352 0
1705367029161 0.4967032967032967 0
1705367123733 0.5345238095238095 0
1705367267872 0.5101010101010102 0
1705367714970 0.75 0
1705367795607 0.7262626262626263 0
1705367802210 0.4625 0
